shape_id,shape_pt_lat,shape_pt_lon,shape_pt_sequence,shape_dist_traveled
13333,-23.538983225926323,-70.39100909368614,1,0
13333,-23.539064742658134,-70.39172968227064,2,0
13333,-23.539145834037907,-70.39250852998453,3,6307476.913595317
13333,-23.536937899314914,-70.39270284016408,4,12615029.473406173
13333,-23.533858859365406,-70.39297379505354,5,18922715.28441574
13333,-23.530943183982597,-70.39328040190219,6,25230804.31050372
13333,-23.52927612081941,-70.39348718326517,7,31539391.385553647
13333,-23.528334711113988,-70.3936939646282,8,37848399.24285555
13333,-23.527595961281857,-70.39405761461148,9,44157655.03937994
13333,-23.526641464207618,-70.39454248125583,10,50467081.71735996
13333,-23.52328105640801,-70.39634647038832,11,56776681.82679937
13333,-23.52256436905414,-70.3967871720522,12,63086684.2881768
13333,-23.522458874937847,-70.39708392751345,13,69397197.13251257
13333,-23.52271716333414,-70.39757732976983,14,75707834.09603268
13333,-23.522882247452507,-70.3978010703214,15,82018520.57853363
13333,-23.5236602506877,-70.39812906834555,16,88329209.12040219
13333,-23.524056361293642,-70.39821228857261,17,94639879.84592715
13333,-23.5243467203115,-70.39838576245137,18,100950468.09611149
13333,-23.525346998211,-70.39890628105479,19,107261016.60225411
13333,-23.526144599977144,-70.39938401730734,20,113571535.97226407
13333,-23.526602238152364,-70.39980471042514,21,119881968.43000615
13333,-23.52681798131158,-70.40019688197583,22,126192344.82952763
13333,-23.527020648805685,-70.40085287802395,23,132502708.42798936
13333,-23.527027186461545,-70.4019366975819,24,138813104.5875197
13333,-23.527001035836033,-70.40283512695237,25,145123585.88202685
13333,-23.527014111149406,-70.40304190831534,26,151434180.00671223
13333,-23.527112175958774,-70.40426833570984,27,157744830.1189841
13333,-23.527275617145186,-70.40507406998637,28,164055573.56607178
13333,-23.527321380641002,-70.40540206801052,29,170366410.93881753
13333,-23.527362481249156,-70.40560404075234,30,176677286.95708528
13333,-23.52761762761544,-70.40562317392073,31,182988185.0619669
13333,-23.527745095638675,-70.40555750629073,32,189299077.76964056
13333,-23.527810173142406,-70.4053908396802,33,195609932.91523054
13333,-23.52769078506966,-70.40463151728613,34,201920756.17817086
13333,-23.52759497441981,-70.40390668882867,35,208231514.45515874
13333,-23.52757634839788,-70.40304903870708,36,214542204.20653588
13333,-23.52753712262128,-70.40188678483906,37,220852811.24759313
13333,-23.5270272206242,-70.40191040601258,38,227163299.89023444
13333,-23.52703702141184,-70.4008822803869,39,233473766.65184587
13333,-23.526800051261745,-70.40019955237153,40,239784214.61013457
13333,-23.526966538927738,-70.39974945689073,41,246094577.4412776
13333,-23.527095299419628,-70.39933143416857,42,252404896.92660025
13333,-23.527075223165244,-70.39899134934097,43,258715142.57198244
13333,-23.527130191144288,-70.39858265899977,44,265025332.0063416
13333,-23.52724335738774,-70.39839173195787,45,271335476.70219773
13333,-23.527523247946576,-70.39809175908528,46,277645578.966446
13333,-23.52780136887021,-70.39774157311695,47,283955626.563315
13333,-23.528028957362874,-70.39744006272491,48,290265592.8492942
13333,-23.529104280751614,-70.39803141477648,49,296575481.6096483
13333,-23.530244581761565,-70.39865849993873,50,302885329.7986749
13333,-23.531029078930665,-70.39801201107963,51,309195082.14670426
13333,-23.53129929353915,-70.39791693918852,52,315504654.6785689
13333,-23.531679977809908,-70.39779905671713,53,321814094.579607
13333,-23.532781105719923,-70.39778383854116,54,328123475.68895084
13333,-23.53299901786837,-70.39780285291931,55,334432761.5577559
13333,-23.532972868429663,-70.39727045032947,56,340741917.5861609
13333,-23.53324307904607,-70.39700424903452,57,347051012.4291758
13333,-23.53329537781099,-70.39682361244161,58,353360056.21958756
13333,-23.53316463085982,-70.39553063472334,59,359669043.34179735
13333,-23.533042600254717,-70.39541654845408,60,365977927.55516654
13333,-23.532746239742735,-70.39527394061759,61,372286767.6372126
13333,-23.53262420874968,-70.39368624003703,62,378595618.4831352
13333,-23.53264710539761,-70.3936490920762,63,384904384.4116771
13333,-23.532991574034813,-70.39351665469854,64,391213092.0723483
13333,-23.533605916913107,-70.39349609625498,65,397521771.13659704
13333,-23.534328773107767,-70.39342433226864,66,403830378.7777143
13333,-23.538106775237203,-70.393049258367,67,410138881.6599944
13333,-23.539475202142476,-70.39303024398879,68,416447112.5200092
13333,-23.539806411610183,-70.39295418647589,69,422754851.3089566
13333,-23.54011147222397,-70.39274502831563,70,429062418.82773286
13333,-23.540416532130223,-70.39268798518106,71,435369918.1845955
13333,-23.5410440817124,-70.3925643917226,72,441677357.7384044
13333,-23.5424996365765,-70.39231720480598,73,447984725.3029551
13333,-23.543336355433446,-70.39226966886048,74,454291937.9795777
13333,-23.544059764320536,-70.39224114729313,75,460598940.4734958
13333,-23.544478119451057,-70.39220311853671,76,466905815.72590727
13333,-23.544774453529815,-70.39239326231876,77,473212589.39161044
13333,-23.545013592464073,-70.39257703771437,78,479519316.6481378
13333,-23.545306110055957,-70.39258625130492,79,485826022.68265235
13333,-23.545509300272453,-70.39243041027964,80,492132698.40571487
13333,-23.545654736119346,-70.39212706102387,81,498439322.1596222
13333,-23.545820333175655,-70.39193691724176,82,504745888.34530634
13333,-23.546256113905997,-70.3918228309725,83,511052404.4628723
13333,-23.546831342258535,-70.39174677345966,84,517358867.160606
13333,-23.54762845668328,-70.39163668393797,85,523665246.7685816
13333,-23.548347248344687,-70.39162119689234,86,529971517.5586427
13333,-23.54869645930411,-70.39161367281218,87,536277663.947943
13333,-23.549932674186774,-70.39156090004963,88,542583715.0210465
13333,-23.55117376032995,-70.39150791933798,89,548889670.511251
13333,-23.551244547880696,-70.39191055598155,90,555195430.5879722
13333,-23.55129741804845,-70.39233102519182,91,561501078.2992672
13333,-23.551424363217276,-70.39267847799192,92,567806764.0943547
13333,-23.55145922424281,-70.39303975117798,93,574112482.1715615
13333,-23.551486424530864,-70.39361910251631,94,580418226.2062432
13333,-23.551477182018907,-70.3953350033504,95,586724023.2859325
13333,-23.55148862660574,-70.39581752120642,96,593029968.6853771
13333,-23.552829683436595,-70.3957959552227,97,599336023.536172
13333,-23.55365580409363,-70.39575874988253,98,605642038.7868651
13333,-23.55470997424343,-70.39568559495308,99,611947867.3421863
13333,-23.554901229981848,-70.39560028330231,100,618253552.8305991
13333,-23.555180585543585,-70.39558767785797,101,624559104.649226
13333,-23.55554770119299,-70.39551907234443,102,630864618.8700798
13333,-23.55605066635571,-70.39545092099985,103,637170081.0316927
13333,-23.55631117069107,-70.3954156228877,104,643475473.2909706
13333,-23.556564357280486,-70.39538905287924,105,649780793.5025587
13333,-23.55701398227904,-70.39534186815263,106,656086070.7262585
13333,-23.558616426037325,-70.39517593274115,107,662391296.2171905
13333,-23.559395827384314,-70.39510536281921,108,668696389.3845167
13333,-23.558820123923113,-70.39780745971467,109,675001260.4453906
13333,-23.558747677372033,-70.39834740508525,110,681306265.9178817
13333,-23.55880542274165,-70.3990641702677,111,687611493.2340115
13333,-23.559189958120573,-70.3997488907005,112,693916801.8515617
13333,-23.559924877839265,-70.3993338947451,113,700222168.6594299
13333,-23.56082235891901,-70.39881287297152,114,706527460.4714229
13333,-23.561813316420498,-70.39865359954496,115,712832576.8811785
13333,-23.56268621468754,-70.39857058644856,116,719137518.0385791
13333,-23.562578431722578,-70.39630644799166,117,725442299.7937031
13333,-23.562435111109977,-70.3950212661099,118,731746820.0691725
13333,-23.56241386793576,-70.39472909485323,119,738051166.9681596
13333,-23.562451453885192,-70.39425628700349,120,744355454.0701764
13333,-23.562443412227445,-70.3938927603296,121,750659694.6429647
13333,-23.562347965862898,-70.39294704932979,122,756963884.4619604
13333,-23.562320481079652,-70.39137101582037,123,763267994.1780726
13333,-23.562341423852807,-70.39118153610582,124,769571959.2544694
13333,-23.562635247146538,-70.39113142089161,125,775875845.066912
13333,-23.563259174000926,-70.39108470262352,126,782179704.2007446
13333,-23.564942719417793,-70.39096512876336,127,788483498.6935674
13333,-23.566228948576683,-70.39090187128761,128,794787141.6294218
13333,-23.567237278931877,-70.3908746636676,129,801090534.362425
13333,-23.569154942689963,-70.39083751570683,130,807393737.5986388
13333,-23.570816573671166,-70.39075165740638,131,813696743.828483
13333,-23.571319256120344,-70.39081820773009,132,819999459.8796027
13333,-23.57205668234071,-70.39097425231432,133,826301972.6692078
13333,-23.572357382596593,-70.3910379943461,134,832604412.8649223
13333,-23.572856545381654,-70.3911138168317,135,838906770.356575
13333,-23.57332398040797,-70.39120858968045,136,845209081.6755722
13333,-23.57387997031351,-70.39116360534041,137,851511328.2373289
13333,-23.574766650741804,-70.39111263699374,138,857813500.2826787
13333,-23.575376608990464,-70.39108009582822,139,864115567.4862686
13333,-23.576517543049878,-70.39099943152013,140,870417506.3779795
13333,-23.577425902191838,-70.39088830554033,141,876719321.9543179
13333,-23.57825643751369,-70.3908179141315,142,883020961.4048644
13333,-23.57900253262441,-70.39075685139875,143,889322455.360661
13333,-23.579578125684478,-70.39073636902776,144,895623818.4342897
13333,-23.581437304605448,-70.39056185771682,145,901925070.6032268
13333,-23.583088943696886,-70.39042635778702,146,908226166.1231765
13333,-23.584803236225767,-70.39029845113191,147,914526968.8188853
13333,-23.586553851441934,-70.39009923097422,148,920827501.0911617
13333,-23.58822916287966,-70.38999451467907,149,927127749.5710595
13333,-23.589982638133957,-70.3898669016225,150,933427717.3801292
13333,-23.5915601662867,-70.38974095612531,151,939727411.8280385
13333,-23.591925589463703,-70.3897289985224,152,946026830.9819447
13333,-23.593610806752228,-70.38970457016978,153,952326054.5328308
13333,-23.59497164768249,-70.38969237858038,154,958625163.4331535
13333,-23.596318796171072,-70.38962909985406,155,964924026.6097808
13333,-23.59784534670427,-70.3895499293298,156,971222677.1336904
13333,-23.598360015443912,-70.38947397930639,157,977521105.4839163
13333,-23.59996646348958,-70.3893645273555,158,983819334.7577358
13333,-23.601685437077446,-70.3892281691152,159,990117427.3354934
13333,-23.602771416173116,-70.38917133126358,160,996415254.7800258
13333,-23.60367867133605,-70.38904111327065,161,1002712836.4801122
13333,-23.60463113027765,-70.38893480945984,162,1009010247.7861257
13333,-23.60627382022984,-70.38889345308803,163,1015307505.0627614
13333,-23.60784734659529,-70.38875678724469,164,1021604579.6045519
13333,-23.60843201655308,-70.38870643796912,165,1027901394.1430237
13333,-23.60872531282881,-70.38871269291627,166,1034198000.8664149
13333,-23.61027682024209,-70.38856104278614,167,1040494528.9735267
13333,-23.611459853619024,-70.38848210635553,168,1046790947.5335219
13333,-23.612030988819967,-70.38841111004024,169,1053087132.3654361
13333,-23.612932959580696,-70.38834290895682,170,1059383153.9101759
13333,-23.613590826315562,-70.38832302174183,171,1065679065.9352132
13333,-23.614254516279264,-70.38836314770145,172,1071974846.1281879
13333,-23.6162292547983,-70.38883947873359,173,1078270527.597503
13333,-23.618092851704727,-70.38924974916779,174,1084566088.2704444
13333,-23.619898157528045,-70.38965488100314,175,1090861402.3495069
13333,-23.621356590761362,-70.39009342810954,176,1097156481.3640351
13333,-23.62156673708094,-70.39024896153182,177,1103451348.8072257
13333,-23.62190098977223,-70.3910737381957,178,1109746076.874371
13333,-23.622298417816555,-70.39189941291477,179,1116040834.8165762
13333,-23.62251017813693,-70.39234698154382,180,1122335634.9547324
13333,-23.62279272660569,-70.39259280525368,181,1128630450.5034819
13333,-23.623297929736896,-70.39255746089748,182,1134925267.8716848
13333,-23.623806574203897,-70.39258673739818,183,1141220040.437257
13333,-23.62436822903918,-70.39260187204496,184,1147514736.2653499
13333,-23.624729707458357,-70.39268787714468,185,1153809354.4337485
13333,-23.62536337503068,-70.39302822756196,186,1160103902.2735744
13333,-23.625958996430523,-70.39362274335303,187,1166398411.92272
13333,-23.626293210910923,-70.39401251523287,188,1172692884.6078422
13333,-23.626655487873045,-70.39421455689194,189,1178987331.5071547
13333,-23.62679678631472,-70.39424186216547,190,1185281757.6415796
13333,-23.62746253575475,-70.3941604498566,191,1191576148.4917915
13333,-23.627822050487765,-70.39415200833866,192,1197870490.4953763
13333,-23.628736267239194,-70.3940909939057,193,1204164739.718699
13333,-23.629345597642324,-70.39409686352718,194,1210458905.4152403
13333,-23.630813922947777,-70.3939752828482,195,1216752942.2161725
13333,-23.63180459621255,-70.39399376644423,196,1223046840.4483743
13333,-23.633098734769828,-70.3938960935597,197,1229340530.8063376
13333,-23.634108086392008,-70.39383098778399,198,1235634050.3544793
13333,-23.634707758400832,-70.39380428218658,199,1241927375.2853298
13333,-23.63576302318896,-70.39375728736923,200,1248220558.6904194
13333,-23.63580059449098,-70.39488298047348,201,1254513626.3491554
13333,-23.63580711703033,-70.3955996268657,202,1260806656.9961226
13333,-23.6359998399217,-70.39585362256673,203,1267099784.066596
13333,-23.63691269277292,-70.39587633493568,204,1273392951.5006862
13333,-23.63800520002003,-70.39573909589967,205,1279686071.215898
13333,-23.63840521744213,-70.39573196550782,206,1285979034.5857925
13333,-23.638731805882788,-70.39574983350093,207,1292271854.1669075
13333,-23.640495499798845,-70.39626099171448,208,1298564616.7493246
13333,-23.641823166324436,-70.39666695564199,209,1304857306.3320518
13333,-23.642546583910097,-70.39698289487148,210,1311149796.6706378
13333,-23.64315895593787,-70.39740804798538,211,1317442150.4887946
13333,-23.64353669900078,-70.39779478910538,212,1323734443.252163
13333,-23.643954198660566,-70.39822223384726,213,1330026699.0612447
13333,-23.644450617062613,-70.3987356220589,214,1336318943.4034472
13333,-23.64460084857629,-70.3988782298955,215,1342611176.5893607
13333,-23.644796802465358,-70.3987498828426,216,1348903381.1277602
13333,-23.64512339162846,-70.3984290152103,217,1355195557.402963
13333,-23.645606742094074,-70.39797980052504,218,1361487669.0527089
13333,-23.646196197596748,-70.39863142060415,219,1367779677.3212135
13333,-23.647038838626628,-70.3996002170793,220,1374071635.9003203
13333,-23.64770015485763,-70.40054319039194,221,1380363592.6725273
13333,-23.648477425289094,-70.40140731700546,222,1386655539.1677556
13333,-23.649556753697,-70.4014576701461,223,1392947483.4916031
13333,-23.64981639136563,-70.40151603447424,224,1399239336.7343535
13333,-23.65002544236408,-70.40138865224384,225,1405531066.4779823
13333,-23.650734066160517,-70.40078917490553,226,1411822751.8216457
13333,-23.651570094853916,-70.40000483180438,227,1418114334.3169892
13333,-23.652327741242498,-70.39927753183787,228,1424405719.7328036
13333,-23.653046194971463,-70.40016170042463,229,1430696893.685228
13333,-23.65373851937705,-70.40103160822764,230,1436987987.4612577
13333,-23.654241431977763,-70.40164482192495,231,1443279074.319801
13333,-23.656102844911068,-70.40172325623507,232,1449570145.7399423
13333,-23.657173961749404,-70.40177316897785,233,1455861114.2084453
13333,-23.658885118009593,-70.40185873367977,234,1462151838.961132
13333,-23.660184798070805,-70.40190151603076,235,1468442381.0714653
13333,-23.661889383997657,-70.40195855916534,236,1474732686.0259624
13333,-23.662596318412163,-70.40196213836577,237,1481022781.0522208
13333,-23.663673957397506,-70.40243541462229,238,1487312660.8754478
13333,-23.6655560572004,-70.40336526089152,239,1493602451.7785997
13333,-23.666528039591636,-70.40383338380951,240,1499892132.2305865
13333,-23.67121887498502,-70.4061992406672,241,1506181638.079793
13333,-23.672193188556754,-70.40662139502342,242,1512471030.5505707
13333,-23.67472857761188,-70.407755567722,243,1518759997.0053377
13333,-23.675864844273974,-70.40824043436635,244,1525048849.341673
13333,-23.676929989912537,-70.40868847030441,245,1531337458.0794103
13333,-23.678578136363136,-70.40939335585347,246,1537625949.873258
13333,-23.678776719749266,-70.40955875539538,247,1543914324.976614
13333,-23.679934248776007,-70.41076846587248,248,1550202552.3902867
13333,-23.68023407548045,-70.41107762447228,249,1556490804.565996
13333,-23.68061446526592,-70.4114515154954,250,1562778990.890986
13333,-23.681001364663846,-70.41172320438125,251,1569067168.6676211
13333,-23.682507892176382,-70.41207860559643,252,1575355323.9916325
13333,-23.683035991842583,-70.4122885543764,253,1581643410.118248
13333,-23.683586924904414,-70.41270540209894,254,1587931338.4218647
13333,-23.684043184549676,-70.41325591701684,255,1594219224.6802185
13333,-23.6829817078972,-70.41462594507942,256,1600507089.094795
13333,-23.682862984525723,-70.41490647723145,257,1606795072.921064
13333,-23.6832675857956,-70.41539841869428,258,1613083257.8613439
13333,-23.684890418379407,-70.4169331440105,259,1619371486.7730455
13333,-23.6871268457431,-70.419107151513,260,1625659735.7588315
13333,-23.688326684256243,-70.419803140726,261,1631947936.041933
13333,-23.6898540585835,-70.42032142933158,262,1638235982.8585923
13333,-23.693046951894875,-70.4214364128436,263,1644523900.1817625
13333,-23.69501284199705,-70.42166282379094,264,1650811617.1478798
13333,-23.697300177322,-70.42195343627378,265,1657098962.831935
13333,-23.69832967600166,-70.4222565827123,266,1663386025.4175777
13333,-23.699609376827016,-70.42268499341907,267,1669672826.875928
13333,-23.70183148626841,-70.42346085692594,268,1675959504.7958097
13333,-23.703163962443437,-70.42390162002607,269,1682246022.3097415
13333,-23.703623024676773,-70.42403932746873,270,1688532303.7906668
13333,-23.70389397925663,-70.42417448330605,271,1694818447.8867974
13333,-23.704041966173584,-70.42416497611697,272,1701104545.6870751
13333,-23.70412031212051,-70.42400335390221,273,1707390612.4013166
13333,-23.703983739445718,-70.42392357038966,274,1713676647.1743245
13333,-23.703160556077854,-70.42382389170336,275,1719962666.3788912
13333,-23.701869935104124,-70.4233758794212,276,1726248725.023816
13333,-23.699625522777207,-70.4225910980789,277,1732534892.1947596
13333,-23.69839222890829,-70.42215895921589,278,1738821220.4373071
13333,-23.697349574403233,-70.42178571801668,279,1745107783.1914933
13333,-23.696285484620436,-70.421341340953,280,1751394480.3606844
13333,-23.695754440405928,-70.42143641284406,281,1757681289.147074
13333,-23.69528433388877,-70.42154099192413,282,1763968225.8102734
13333,-23.695171159844783,-70.42151247035679,283,1770255252.7804956
13333,-23.695033410554572,-70.42014312481916,284,1776542338.718905
13333,-23.694967068380222,-70.41870696877533,285,1782829341.0216067
13333,-23.69492740003225,-70.41697754115387,286,1789116197.1779785
13333,-23.694857754287927,-70.41640710980778,287,1795402873.7510538
13333,-23.694211393760078,-70.41596350150371,288,1801689441.8424792
13333,-23.693527325635767,-70.41581776072917,289,1807975988.2026942
13333,-23.69283639594271,-70.4156741754511,290,1814262605.2833943
13333,-23.691844647285002,-70.4153205570816,291,1820549310.4083412
13333,-23.691026976439527,-70.4150524627147,292,1826836101.8166366
13333,-23.690208816849516,-70.41484303040079,293,1833123002.524883
13333,-23.689808338839942,-70.41485743798364,294,1839410001.3538356
13333,-23.689347335433943,-70.41476403690257,295,1845697099.4961858
13333,-23.688511129898846,-70.4145627151214,296,1851984255.168645
13333,-23.6849763877977,-70.41342185242888,297,1858271478.5148666
13333,-23.68409318612027,-70.4130020681157,298,1864558852.3642275
13333,-23.68364722534804,-70.4126609451717,299,1870846573.5603924
13333,-23.68309251351263,-70.41224384177559,300,1877134368.0313835
13333,-23.682466072290513,-70.41199861926731,301,1883422190.0433977
13333,-23.681051369736473,-70.4116630224446,302,1889710064.0370462
13333,-23.680645916996983,-70.41137947758125,303,1895998032.2723324
13333,-23.680300978525974,-70.4110309411684,304,1902286138.4118855
13333,-23.679989700761062,-70.4107052326151,305,1908574266.1767924
13333,-23.678820832712375,-70.40950057732107,306,1914862406.3691144
13333,-23.678590649580862,-70.409325428319,307,1921150528.221582
13333,-23.67695485384841,-70.40863169711292,308,1927438724.27161
13333,-23.67589480703331,-70.40819506678588,309,1933726957.022667
13333,-23.67474626991086,-70.4076864617349,310,1940015353.4237034
13333,-23.672211503214328,-70.40656681086512,311,1946303859.544613
13333,-23.671252712367465,-70.40615806635446,312,1952592496.3236508
13333,-23.666534598541457,-70.40377734026157,313,1958881375.27195
13333,-23.665602655470384,-70.40333384399338,314,1965170368.778449
13333,-23.66370452625558,-70.40237370906954,315,1971459787.2757611
13333,-23.66262964345115,-70.40183611209301,316,1977749299.9150302
13333,-23.661519296987912,-70.40134772226622,317,1984038986.915187
13333,-23.659969274130262,-70.40130969350975,318,1990328780.8189392
13333,-23.658175404517475,-70.40123363599696,319,1996618739.5547822
13333,-23.655292970258955,-70.40110707154201,320,2002908938.4068387
13333,-23.654566364740738,-70.40023954053618,321,2009199445.4098039
13333,-23.6538588049264,-70.39936903853379,322,2015490231.6299264
13333,-23.65313219144159,-70.3984896235416,323,2021781026.985306
13333,-23.65241373818499,-70.39758049858341,324,2028071829.4102855
13333,-23.652302159863122,-70.39768745446088,325,2034362638.0874043
13333,-23.651621802182635,-70.3983588996914,326,2040653499.6515088
13333,-23.65004335873756,-70.39991867290382,327,2046944456.5451248
13333,-23.649224193512644,-70.4006941030151,328,2053235699.2549706
13333,-23.648505718794617,-70.39978794905358,329,2059527274.4891903
13333,-23.647828062888323,-70.39891150505804,330,2065818937.1216257
13333,-23.64715584653402,-70.39804100305565,331,2072110604.630542
13333,-23.646519391558584,-70.39719040187697,332,2078402273.9954863
13333,-23.6459393166595,-70.396415867918,333,2084693944.806313
13333,-23.645808681906516,-70.39624057911885,334,2090985617.1607554
13333,-23.645370510220527,-70.396650576649,335,2097277312.9677043
13333,-23.644488719274708,-70.39745868772292,336,2103569064.5545144
13333,-23.644181179677027,-70.39776767136874,337,2109860979.0507064
13333,-23.64384098016511,-70.39747057170928,338,2116153061.05954
13333,-23.64335396163189,-70.39705410075896,339,2122445182.8293424
13333,-23.642636753157177,-70.3967655809405,340,2128737319.5436656
13333,-23.64182858799094,-70.39659339371735,341,2135029501.5177104
13333,-23.640498235411638,-70.39620419316333,342,2141321772.0127923
13333,-23.638716107722324,-70.39565529278957,343,2147614152.379817
13333,-23.638397674261252,-70.3956214164262,344,2153906698.408817
13333,-23.63800846219803,-70.39563152481685,345,2160199428.321117
13333,-23.637975801542986,-70.39472239985867,346,2166492209.2309914
13333,-23.637925724442013,-70.39387424660424,347,2172784967.9573507
13333,-23.63768234036974,-70.39362888429895,348,2179077631.168729
13333,-23.636885870413092,-70.39363424609729,349,2185370255.990258
13333,-23.635799443740485,-70.39368208964584,350,2191662931.5672817
13333,-23.634631855199117,-70.39376126495449,351,2197955745.0408196
13333,-23.63409882444085,-70.39376784714023,352,2204248735.9291735
13333,-23.633080968154243,-70.39383851086603,353,2210541882.0383863
13333,-23.63179790507104,-70.39390764967607,354,2216835135.838145
13333,-23.630810399153336,-70.39392497737026,355,2223128564.6799593
13333,-23.62935178171775,-70.39401874545246,356,2229422181.252888
13333,-23.628706919911373,-70.394051534823,357,2235715976.5656676
13333,-23.627804332876355,-70.39408066459413,358,2242009966.4801483
13333,-23.627472256626575,-70.39409254858049,359,2248304069.5392847
13333,-23.626818989415504,-70.39418762047154,360,2254598288.300671
13333,-23.6266692818875,-70.39415493950901,361,2260892579.0615234
13333,-23.626337202759828,-70.39397965070981,362,2267186949.816498
13333,-23.625980625054236,-70.39356668218318,363,2273481336.966881
13333,-23.625389918763663,-70.3929554609033,364,2279775738.0628824
13333,-23.624750288418817,-70.39263676024882,365,2286070141.0701613
13333,-23.624362125640427,-70.39256040213525,366,2292364586.8954296
13333,-23.623797586182775,-70.39252980437146,367,2298659100.50386
13333,-23.623294555861285,-70.39245969585409,368,2304953675.478728
13333,-23.622945595975175,-70.3923833377404,369,2311248327.661442
13333,-23.6225590629174,-70.39214060381744,370,2317543041.5413337
13333,-23.622346196215986,-70.39189489889793,371,2323837789.25803
13333,-23.621921012629862,-70.39101235910755,372,2330132560.187907
13333,-23.621616692674227,-70.39021925681817,373,2336427297.3281474
13333,-23.621397823146992,-70.39003980162158,374,2342721998.2287803
13333,-23.619921377645234,-70.38960040172856,375,2349016694.880505
13333,-23.61809483794381,-70.38918712559871,376,2355311438.788179
13333,-23.616226888991555,-70.3887820284624,377,2361606374.1978116
13333,-23.61426746259775,-70.38834201336334,378,2367901543.1491494
13333,-23.613599972301557,-70.38825867165724,379,2374196951.898993
13333,-23.612878572674454,-70.38830871719483,380,2380492579.994036
13333,-23.612030578267067,-70.38836981002765,381,2386788312.5565557
13333,-23.611432518059402,-70.38845800102092,382,2393084167.455793
13333,-23.610264115723098,-70.3884875921965,383,2399380150.4051294
13333,-23.608810402849524,-70.38865856079667,384,2405676255.13286
13333,-23.60844124920754,-70.38865782680034,385,2411972564.53226
13333,-23.60780097779639,-70.38871755433519,386,2418269057.045658
13333,-23.606258993387346,-70.38884021798225,387,2424565621.955346
13333,-23.60463319016901,-70.38887250756272,388,2430862334.901902
13333,-23.60364222717912,-70.38898497904006,389,2437159294.804165
13333,-23.602759610719097,-70.38909814950244,390,2443456485.7636623
13333,-23.601662458220204,-70.38917717100964,391,2449753836.727386
13333,-23.599952729818902,-70.38932467924008,392,2456051342.463436
13333,-23.598351885136154,-70.38942688852512,393,2462349056.377134
13333,-23.597813356441947,-70.38948511305614,394,2468647040.860432
13333,-23.596296892437554,-70.38957366275918,395,2474945233.3033776
13333,-23.594974210907726,-70.38962683309495,396,2481243558.926072
13333,-23.593615116416483,-70.38963605368775,397,2487542115.8133035
13333,-23.59188894720413,-70.38965924146561,398,2493840879.44236
13333,-23.591499610104783,-70.38967320865078,399,2500139868.676897
13333,-23.589925883171503,-70.38981431348344,400,2506439066.6549883
13333,-23.588191499297015,-70.38993909534042,401,2512738385.8125453
13333,-23.58654149901097,-70.39003713822808,402,2519037967.6769986
13333,-23.584815238881514,-70.39022431101358,403,2525337823.665096
13333,-23.583135244682666,-70.39036097685698,404,2531637953.159363
13333,-23.581444337397713,-70.39048961750842,405,2537938362.679905
13333,-23.579555662551638,-70.39065155432843,406,2544239044.850258
13333,-23.578984614106012,-70.39070963104791,407,2550540011.442142
13333,-23.578319533134394,-70.390760543238,408,2556841221.634049
13333,-23.577425281946127,-70.39082966032265,409,2563142529.395468
13333,-23.576488972064244,-70.39094984938879,410,2569443955.920178
13333,-23.575419460324117,-70.39103116110931,411,2575745532.776289
13333,-23.574860831040954,-70.39106571626252,412,2582047269.6241345
13333,-23.573809110543422,-70.3911307725781,413,2588349154.1651835
13333,-23.573310796239085,-70.39114829095473,414,2594651151.491268
13333,-23.572807028375358,-70.39104430607381,415,2600953290.0227833
13333,-23.57228147389548,-70.39096408916578,416,2607255498.0910583
13333,-23.572052734501263,-70.39092546621004,417,2613557773.7761164
13333,-23.571301687246745,-70.3907531484075,418,2619860110.8479686
13333,-23.570794139156078,-70.39070472466415,419,2626162490.9319873
13333,-23.569067570441057,-70.39076163500391,420,2632464964.5030203
13333,-23.567196747231712,-70.39082105493583,421,2638767569.9724727
13333,-23.566257331185543,-70.39084972330244,422,2645070452.437166
13333,-23.564936574787332,-70.39089235885416,423,2651373585.761749
13333,-23.56320783906476,-70.39103242208745,424,2657676883.42271
13333,-23.562581484602784,-70.3910740160398,425,2663980412.6344924
13333,-23.56230098576703,-70.3910888710227,426,2670284168.064894
13333,-23.56222473355271,-70.39124336284567,427,2676588007.343855
13333,-23.562246519904217,-70.39143647762438,428,2682891892.764836
13333,-23.562311878936885,-70.39304972877557,429,2689195806.4576316
13333,-23.56237451464593,-70.39394696974722,430,2695499841.8030243
13333,-23.56240174755367,-70.3943094313318,431,2701804002.2779365
13333,-23.562325495397857,-70.39475508082114,432,2708108219.739092
13333,-23.562355451607235,-70.3950254415114,433,2714412485.7378087
13333,-23.562512848605802,-70.39649565843263,434,2720716797.799221
13333,-23.562655013324754,-70.3984807105515,435,2727021219.4656887
13333,-23.561543346405127,-70.3986457371584,436,2733325826.5566616
13333,-23.560816236677162,-70.39872610786801,437,2739630562.6681046
13333,-23.55986906299007,-70.3992353436866,438,2745935465.28621
13333,-23.55916916197955,-70.39962454424062,439,2752240529.3834605
13333,-23.55888267939505,-70.39913267299698,440,2758545778.1429534
13333,-23.55880859394182,-70.3986549577512,441,2764851096.7427907
13333,-23.558806954934287,-70.3982549148102,442,2771156393.8938265
13333,-23.558858698859066,-70.39790136621536,443,2777461649.42108
13333,-23.55887776240516,-70.39781817831073,444,2783766859.803883
13333,-23.55858636218455,-70.39785680126647,445,2790072042.424679
13333,-23.558079814468602,-70.3979399891711,446,2796377234.6976666
13333,-23.558022623474834,-70.39795187315752,447,2802682488.5092406
13333,-23.55807164432817,-70.39770825143665,448,2808987804.9825883
13333,-23.558322195070904,-70.396531736785,449,2815293108.2575846
13333,-23.558365769064427,-70.3963118830369,450,2821598298.5067816
13333,-23.55853734152319,-70.39543543904131,451,2827903392.7789555
13333,-23.558589085554086,-70.39516804934777,452,2834208401.0779295
13333,-23.556960612691604,-70.39528437961951,453,2840513331.0975885
13333,-23.556658922208033,-70.39533068515289,454,2846818322.2345133
13333,-23.55633677824068,-70.39534988638678,455,2853123513.9884944
13333,-23.556023249532775,-70.3953685741123,456,2859428756.1470838
13333,-23.555557940329845,-70.39541167106853,457,2865734049.3957534
13333,-23.555114020110626,-70.39541167106853,458,2872039401.055544
13333,-23.55449579742985,-70.39526015024217,459,2878344824.8016095
13333,-23.553975616621774,-70.39528986020815,460,2884650312.759202
13333,-23.553523520634762,-70.39532254117069,461,2890955886.7583175
13333,-23.552622047488743,-70.39535819312982,462,2897261541.0653634
13333,-23.552472255279298,-70.39536710611958,463,2903567287.7670703
13333,-23.552461361293833,-70.39394994074371,464,2909873142.3287606
13333,-23.552464084790287,-70.39322798857103,465,2916178910.07577
13333,-23.55234697439127,-70.39293088891151,466,2922484565.171815
13333,-23.5519547899698,-70.39267835420094,467,2928790172.236904
13333,-23.551693333038717,-70.3925565433405,468,2935095777.7077036
13333,-23.55153536922418,-70.39245552945624,469,2941401417.792464
13333,-23.551341472232043,-70.39228707044822,470,2947707080.7906957
13333,-23.55130932694026,-70.39204271473108,471,2954012752.7782655
13333,-23.551271187937726,-70.39147807157644,472,2960318422.320862
13333,-23.55049770565443,-70.3914869845662,473,2966624045.074534
13333,-23.54863916707847,-70.39154655829964,474,2972929681.624294
13333,-23.548401825065948,-70.3915615211497,475,2979235487.678585
13333,-23.547790584602744,-70.39160005583341,476,2985541512.194175
13333,-23.546906425746975,-70.39169777152296,477,2991847592.4881325
13333,-23.545557116375466,-70.39179596821214,478,2998153786.776046
13333,-23.545162188050412,-70.39180488120195,479,3004460147.5963593
13333,-23.543977395958013,-70.39191183707936,480,3010766678.7631617
13333,-23.54247936768621,-70.39206632890233,481,3017073312.3901677
13333,-23.541120232725778,-70.39224458869802,482,3023380156.5570483
13333,-23.54088326787782,-70.39228321165376,483,3029687243.591595
13333,-23.539303491313785,-70.39249415241198,484,3035994500.904337
13333,-23.539208718477312,-70.392512712388,485,3042301869.114159
13333,-23.539224501987487,-70.39241393550395,486,3048609425.7348385
13333,-23.539145554238022,-70.39171039175898,487,3054916985.651183
13333,-23.539090525961182,-70.3910205105874,488,3061224491.277693
